{
 "cells": [
  {
   "cell_type": "code",
   "execution_count": 6,
   "id": "d69a5e58-684c-4848-8f00-db1cef582452",
   "metadata": {},
   "outputs": [
    {
     "name": "stdout",
     "output_type": "stream",
     "text": [
      "Matrix:\n",
      "[[-1 -4 -5]\n",
      " [-2 -6  8]\n",
      " [ 9  7 -3]]\n",
      "Inverse:\n",
      "[[ 0.08920188  0.11032864  0.14553991]\n",
      " [-0.15492958 -0.11267606 -0.04225352]\n",
      " [-0.09389671  0.06807512  0.00469484]]\n",
      "A * A_inv:\n",
      "[[ 1.00000000e+00 -1.94289029e-16 -1.82145965e-17]\n",
      " [-1.11022302e-16  1.00000000e+00 -3.46944695e-17]\n",
      " [-4.16333634e-17 -8.32667268e-17  1.00000000e+00]]\n",
      "Matrix:\n",
      "[[-9 -3  1]\n",
      " [ 4  4 -2]\n",
      " [ 9  2  4]]\n",
      "Inverse:\n",
      "[[-0.18867925 -0.13207547 -0.01886792]\n",
      " [ 0.32075472  0.4245283   0.13207547]\n",
      " [ 0.26415094  0.08490566  0.22641509]]\n",
      "A * A_inv:\n",
      "[[ 1.00000000e+00  0.00000000e+00  0.00000000e+00]\n",
      " [ 0.00000000e+00  1.00000000e+00 -5.55111512e-17]\n",
      " [ 2.22044605e-16  0.00000000e+00  1.00000000e+00]]\n",
      "Matrix:\n",
      "[[ 5  7 -6]\n",
      " [ 8 -9  5]\n",
      " [ 9  7 -9]]\n",
      "Inverse:\n",
      "[[ 0.20264317  0.09251101 -0.08370044]\n",
      " [ 0.5154185   0.03964758 -0.3215859 ]\n",
      " [ 0.60352423  0.12334802 -0.44493392]]\n",
      "A * A_inv:\n",
      "[[ 1.00000000e+00 -5.55111512e-17  2.22044605e-16]\n",
      " [ 0.00000000e+00  1.00000000e+00  1.11022302e-16]\n",
      " [ 0.00000000e+00  8.32667268e-17  1.00000000e+00]]\n"
     ]
    }
   ],
   "source": [
    "import numpy as np\n",
    "\n",
    "for i in range(3):\n",
    "    A = np.random.randint(-10, 11, size=(3, 3))\n",
    "    print(\"Matrix:\")\n",
    "    print(A)\n",
    "    \n",
    "    det = np.linalg.det(A)\n",
    "    \n",
    "    if det != 0:\n",
    "        A_inv = np.linalg.inv(A)\n",
    "        print(\"Inverse:\")\n",
    "        print(A_inv)\n",
    "    \n",
    "        print(\"A * A_inv:\")\n",
    "        print(A @ A_inv)\n",
    "    else:\n",
    "        print(\"This matrix is not invertible.\")"
   ]
  },
  {
   "cell_type": "code",
   "execution_count": 23,
   "id": "54c6163e-defa-4456-b404-884148d64f30",
   "metadata": {},
   "outputs": [
    {
     "name": "stdout",
     "output_type": "stream",
     "text": [
      "(a): Mean, Min, Max, Variance\n",
      "           feature           mean         min           max      variance\n",
      "0           price  540088.141767  75000.0000  7.700000e+06  1.347824e+11\n",
      "1        bedrooms       3.370842      0.0000  3.300000e+01  8.650150e-01\n",
      "2       bathrooms       2.114757      0.0000  8.000000e+00  5.931513e-01\n",
      "3     sqft_living    2079.899736    290.0000  1.354000e+04  8.435337e+05\n",
      "4        sqft_lot   15106.967566    520.0000  1.651359e+06  1.715659e+09\n",
      "5          floors       1.494309      1.0000  3.500000e+00  2.915880e-01\n",
      "6      waterfront       0.007542      0.0000  1.000000e+00  7.485226e-03\n",
      "7            view       0.234303      0.0000  4.000000e+00  5.872426e-01\n",
      "8       condition       3.409430      1.0000  5.000000e+00  4.234665e-01\n",
      "9           grade       7.656873      1.0000  1.300000e+01  1.381703e+00\n",
      "10     sqft_above    1788.390691    290.0000  9.410000e+03  6.857347e+05\n",
      "11  sqft_basement     291.509045      0.0000  4.820000e+03  1.958727e+05\n",
      "12       yr_built    1971.005136   1900.0000  2.015000e+03  8.627973e+02\n",
      "13   yr_renovated      84.402258      0.0000  2.015000e+03  1.613462e+05\n",
      "14            lat      47.560053     47.1559  4.777760e+01  1.919990e-02\n",
      "15           long    -122.213896   -122.5190 -1.213150e+02  1.983262e-02\n",
      "16  sqft_living15    1986.552492    399.0000  6.210000e+03  4.697612e+05\n",
      "17     sqft_lot15   12768.455652    651.0000  8.712000e+05  7.455182e+08\n",
      "\n",
      "Lowest mean feature:\n",
      "long | mean = -122.21389640494147\n",
      "\n",
      "Highest mean feature:\n",
      "price | mean = 540088.1417665294\n",
      "\n",
      "Lowest variance feature:\n",
      "waterfront | variance = 0.007485225502689098\n",
      "\n",
      "Highest variance feature:\n",
      "price | variance = 134782378397.24681\n",
      "\n",
      "(b): Correlation with price\n",
      "          feature  correlation\n",
      "2     sqft_living     0.702035\n",
      "8           grade     0.667434\n",
      "9      sqft_above     0.605567\n",
      "15  sqft_living15     0.585379\n",
      "1       bathrooms     0.525138\n",
      "6            view     0.397293\n",
      "10  sqft_basement     0.323816\n",
      "0        bedrooms     0.308350\n",
      "13            lat     0.307003\n",
      "5      waterfront     0.266369\n",
      "4          floors     0.256794\n",
      "12   yr_renovated     0.126434\n",
      "3        sqft_lot     0.089661\n",
      "16     sqft_lot15     0.082447\n",
      "11       yr_built     0.054012\n",
      "7       condition     0.036362\n",
      "14           long     0.021626\n",
      "\n",
      "Positively correlated features:\n",
      "          feature  correlation\n",
      "2     sqft_living     0.702035\n",
      "8           grade     0.667434\n",
      "9      sqft_above     0.605567\n",
      "15  sqft_living15     0.585379\n",
      "1       bathrooms     0.525138\n",
      "6            view     0.397293\n",
      "10  sqft_basement     0.323816\n",
      "0        bedrooms     0.308350\n",
      "13            lat     0.307003\n",
      "5      waterfront     0.266369\n",
      "4          floors     0.256794\n",
      "12   yr_renovated     0.126434\n",
      "3        sqft_lot     0.089661\n",
      "16     sqft_lot15     0.082447\n",
      "11       yr_built     0.054012\n",
      "7       condition     0.036362\n",
      "14           long     0.021626\n",
      "\n",
      "Highest positive correlation:\n",
      "sqft_living | correlation = 0.7020350546118003\n",
      "\n",
      "(c): Negatively correlated features\n",
      "No features have a negative correlation with price.\n"
     ]
    }
   ],
   "source": [
    "import pandas as pd\n",
    "\n",
    "# load the dataset\n",
    "df = pd.read_csv(\"kc_house_data.csv\")\n",
    "\n",
    "# drop ignored columns\n",
    "df = df.drop(columns=[\"id\", \"date\", \"zipcode\"])\n",
    "\n",
    "# (a)\n",
    "\n",
    "stats = []\n",
    "\n",
    "for col in df.columns:\n",
    "    stats.append({\n",
    "        \"feature\": col,\n",
    "        \"mean\": df[col].mean(),\n",
    "        \"min\": df[col].min(),\n",
    "        \"max\": df[col].max(),\n",
    "        \"variance\": df[col].var()\n",
    "    })\n",
    "\n",
    "stats_df = pd.DataFrame(stats)\n",
    "\n",
    "print(\"(a): Mean, Min, Max, Variance\\n\", stats_df)\n",
    "\n",
    "# get features with the lowest and highest mean\n",
    "lowest_mean = stats_df.loc[stats_df[\"mean\"].idxmin()]\n",
    "highest_mean = stats_df.loc[stats_df[\"mean\"].idxmax()]\n",
    "\n",
    "print(\"\\nLowest mean feature:\")\n",
    "print(f\"{lowest_mean['feature']} | mean = {lowest_mean['mean']}\")\n",
    "\n",
    "print(\"\\nHighest mean feature:\")\n",
    "print(f\"{highest_mean['feature']} | mean = {highest_mean['mean']}\")\n",
    "\n",
    "# get features with lowest and highest variance\n",
    "lowest_var = stats_df.loc[stats_df[\"variance\"].idxmin()]\n",
    "highest_var = stats_df.loc[stats_df[\"variance\"].idxmax()]\n",
    "\n",
    "print(\"\\nLowest variance feature:\")\n",
    "print(f\"{lowest_var['feature']} | variance = {lowest_var['variance']}\")\n",
    "\n",
    "print(\"\\nHighest variance feature:\")\n",
    "print(f\"{highest_var['feature']} | variance = {highest_var['variance']}\")\n",
    "\n",
    "\n",
    "# (b)\n",
    "\n",
    "corr_df = (\n",
    "    df.corr(numeric_only=True)[\"price\"]\n",
    "    .drop(\"price\")\n",
    "    .reset_index()\n",
    ")\n",
    "\n",
    "corr_df.columns = [\"feature\", \"correlation\"]\n",
    "corr_df = corr_df.sort_values(by=\"correlation\", ascending=False)\n",
    "\n",
    "print(\"\\n(b): Correlation with price\")\n",
    "print(corr_df)\n",
    "\n",
    "positive_corr = corr_df[corr_df[\"correlation\"] > 0]\n",
    "\n",
    "print(\"\\nPositively correlated features:\")\n",
    "print(positive_corr)\n",
    "\n",
    "top_feature = corr_df.iloc[0]\n",
    "print(\"\\nHighest positive correlation:\")\n",
    "print(f\"{top_feature['feature']} | correlation = {top_feature['correlation']}\")\n",
    "\n",
    "\n",
    "# (c)\n",
    "\n",
    "negative_corr = corr_df[corr_df[\"correlation\"] < 0]\n",
    "\n",
    "print(\"\\n(c): Negatively correlated features\")\n",
    "if negative_corr.empty:\n",
    "    print(\"No features have a negative correlation with price.\")\n",
    "else:\n",
    "    print(negative_corr)\n"
   ]
  }
 ],
 "metadata": {
  "kernelspec": {
   "display_name": "Python [conda env:base] *",
   "language": "python",
   "name": "conda-base-py"
  },
  "language_info": {
   "codemirror_mode": {
    "name": "ipython",
    "version": 3
   },
   "file_extension": ".py",
   "mimetype": "text/x-python",
   "name": "python",
   "nbconvert_exporter": "python",
   "pygments_lexer": "ipython3",
   "version": "3.11.8"
  }
 },
 "nbformat": 4,
 "nbformat_minor": 5
}
